	E7067_5	E7025_5	NZ_LR135256.1	E4239_3	NZ_CP046078.1	E4227_3	NZ_CP041269.1	E7160_5	NZ_CP027505.1	NZ_CP027500.1	KX810025.1	E8040_4	NZ_AP022343.1	NC_014726.1	NZ_CP018825.1	NZ_CP033209.1	AP022823.1	NC_019213.1	NZ_CP016166.1	E7471_5	NC_013317.1	E7070_9	E7207_6	NZ_CP011284.1	MG674582.1	NZ_CP012594.1	KX574671.1	E7240_4	NC_021170.1	KY595966.1	KX976485.1	NC_014475.1	NZ_CP013996.1	NZ_CP041279.1	NC_005054.1	NZ_CP022486.1	KY595962.1	NZ_CP027516.1	E0656_2	NZ_CP035644.1	NZ_CP023796.1	NC_008768.1	E8414_4	NC_014959.1	NZ_CP014531.1	KX853854.1	E6055_4	NZ_CP020486.1	NZ_CP018831.1	E7040_5	NC_016967.1	KY554216.1	E6988_5	E6975_4	KX810026.1	NZ_CP012431.1	E7313_3	NC_008821.1	E8423_3	NZ_CP040238.1	NZ_CP035650.1	NC_011140.1	E8172_3	NZ_CP027519.1	E0595_2	NC_010980.1	E7246_6	E8202_3	NZ_CP036247.1	NZ_CP044276.1	NZ_CP017795.1	NZ_CP027510.1	E8014_3	NZ_CP012464.1	NZ_CP019995.1	E0139_2	NZ_CP019210.1	NZ_CP040708.1	NZ_CP025755.1	NZ_CP018130.1	NZ_LT603681.1	E7114_4	NZ_CP014452.1	E6020_3	NZ_CP019973.1	NC_019284.1
E7067_5	1.0	0.9992962207051869	0.9957149121058716	0.9906050357008643	0.9856612396458155	0.9900768245838668	0.9980922751819676	0.9929549114331723	0.9949447448859629	0.9988225219439092	0.993095845903922	0.9829708894258429	0.9997835966241073	0.9942757590841215	0.9870299670519325	0.995913119346099	0.9938532987296818	0.9932646592709984	0.9940122905614791	0.9911955977988994	0.9996073812328229	0.9947443365695793	0.9837493196485498	0.9936160763850339	0.9910022863042998	0.9997555609875336	0.9935023495967976	0.9858492975734355	0.9918003308638423	0.9996467055290584	0.9997923588039868	0.9929105046500991	0.9988659106070714	0.999248956048908	0.9998797643381027	0.997314084270606	0.9895792215994316	0.9912628695570038	0.9944206806769574	0.9924223704801911	0.9931152135502346	0.995900679315999	0.9833651096282173	0.9938077009682504	0.9997622444127438	0.9997923372443153	0.9906531337806067	0.9950761135124977	0.9870347135089921	0.995546925566343	1.0	0.999726002374646	0.9969013433927403	0.9910329626289951	0.9937223042836041	0.9911844163230484	0.9954196884000139	0.995900679315999	0.999080195458465	0.9950064876341761	0.9942084942084942	0.9992309967465247	0.9881961039901513	0.9950761135124977	0.9947916666666666	0.9948533515222918	0.991385948026949	0.9936312120756231	0.9992797464707577	0.9899679829242263	0.9934971098265896	0.9933333333333333	0.997241324164401	0.9934042789047778	0.9989167542016807	0.9938146151807016	0.9954720924157549	0.9888594384163009	0.9937347527167887	0.9997459564738759	0.9985603879375663	0.9903725811110041	0.9938468067048589	0.9931753626780029	0.9999389238380261	0.9933438985736925
E7025_5	0.9992962207051869	1.0	0.9947613241204896	0.9906127966356263	0.9822961010879113	0.9906127966356263	0.9968225948808473	0.9903914760024735	0.9923731101511879	0.9987308405740506	0.9919591665501328	0.9832974748046653	0.9989258861439313	0.9942757590841215	0.9860784556366786	0.993263136883078	0.9941404871161313	0.993264125525002	0.9931417760435143	0.9885903776978417	0.9996034368803701	0.9981122077233887	0.9823543962839788	0.9923745109740734	0.9910760380559038	0.999633431085044	0.9922393903376914	0.9822549492998551	0.9897894065092534	0.9995278007319088	0.9997923588039868	0.9929099641686361	0.9987801623908817	0.9979521156452341	0.9998797643381027	0.9973972356847962	0.9936272461345591	0.9883298469668612	0.9922120418848167	0.9916874480465503	0.9920934788692976	0.9957580228697898	0.9847425024044767	0.992964952673318	0.9997021149836163	0.9997923372443153	0.9892064761143314	0.9950649839894519	0.9859620663838283	0.9982778605729425	1.0	0.9996601336807522	0.9988263461809305	0.9897913394660085	0.993687337541775	0.9876178904125441	0.9953130590339893	0.9957580228697898	0.9988279246941616	0.9953799132845262	0.9894190457177081	0.9993491509378143	0.9881952491309386	0.9950649839894519	0.9928024899494229	0.9949140978726043	0.9902386698846876	0.9941510877883459	0.9991004988142939	0.9896524276996551	0.9927517962939619	0.9920374380107564	0.9972013433551895	0.99212285695373	0.9988775510204082	0.9919043015949734	0.9947121655444707	0.9880968243393293	0.992898887701879	0.9997459349593496	0.9983848242207636	0.9886140557518649	0.9923214403918713	0.9912114314618108	1.0	0.9933433711070608
NZ_LR135256.1	0.9957149121058716	0.9947613241204896	1.0	0.9888688714451165	0.9813944747227965	0.9888688714451165	0.9946741495819493	0.9870146243066061	0.9902758132956153	0.9989610766145595	0.9931193986701359	0.9861975389510129	0.9824962856120335	0.98939830091975	0.9854693706878528	0.9986468200270636	0.9930747922437673	0.9940192239231043	0.9940986298558013	0.9844133714228437	0.9996211044804395	0.9923159804922309	0.9821827887181707	0.9942415592085835	0.9891744745505191	0.9996333414813005	0.9932756964457252	0.98530856918239	0.9918343958169186	0.9998228206945429	0.9998191845221951	0.9936739324761054	0.9955041361947009	0.9957233662380269	0.9998973938025857	0.9974689198243133	0.9941972920696325	0.9875041416197283	0.9947673543141093	0.9900921015908457	0.9935373797952642	0.9965173417298793	0.9859646340496392	0.9940601157253316	0.9996830679027019	0.9998191681735985	0.9844628099173554	0.9953708501744568	0.9853668807242868	0.9920610167569254	1.0	0.9997058535150505	0.9944292474492342	0.9865626354573038	0.9937223042836041	0.9881929956944383	0.9957474750633188	0.9965176739970424	0.9991152679474217	0.9826199688050722	0.994557633268211	0.9993453519991943	0.9845811390412075	0.9953708501744568	0.9914720059325176	0.9943705220061413	0.9858401965033955	0.9913962006985263	0.999175535901664	0.9905032857829781	0.9941680429397193	0.9933552897671463	0.9972503672454707	0.9939567755812763	0.9990330378726833	0.9942256563642407	0.9971172991767957	0.9891080233079337	0.9939620625166978	0.9984675397046531	0.9986992646863635	0.9860956618464961	0.9939066759313699	0.9940569541890218	0.9998712612110029	0.9940904236383055
E4239_3	0.9906050357008643	0.9906127966356263	0.9888688714451165	1.0	0.99000062496094	0.9999543118218162	0.9959443800695249	0.9886858866912505	0.9855778794509648	0.996201730322853	0.9988297872340426	0.9940192653752514	0.999688990255028	0.991441055903419	0.9991147644641164	0.9994051160023796	0.9918610505118308	0.9947682714157374	0.9795271543601165	0.987278298820689	0.9995192885470496	0.9976565360673746	0.9846612697060076	0.9992094236698553	0.9985881024096386	0.9734680985470625	0.9993733681462141	0.9970710029289971	0.9985481997677119	0.999536822603057	0.9784960598370509	0.9831360231940082	0.9746320346320346	0.9959616937810084	0.9999078425951525	0.9889400404221873	0.9996685449121644	0.987683284457478	0.9856075787939516	0.9994295900178253	0.9993009437259699	0.9974787827136821	0.985289310232102	0.9993248375390328	0.9924120978946244	0.978494623655914	0.9941092101219138	0.9974878236349654	0.9990671020190578	0.9962653778558875	0.9795465746673238	0.9729817007534984	0.9931956452129362	0.9862542955326461	0.9964394039298431	0.9875157100963553	0.9972943411432847	0.9974859247193796	0.9960633701392223	0.9955983911360704	0.9915864527629233	0.9993181222134802	0.9933039753875852	0.9972366148531951	0.9837314396384764	0.9944581280788177	0.986782999308915	0.9852232369355657	0.9766679090570257	0.99475913561634	0.9994073321479976	0.9993617021276596	0.9991343240513635	0.9991316703504894	0.9971622260759893	0.9860268172194777	0.9919240260225828	0.9725430789623177	0.9993686868686869	1.0	0.9959902922865885	0.9629178023239133	0.9991563317303637	0.9929549275478344	0.9999131039277025	0.9947696534234995
NZ_CP046078.1	0.9856612396458155	0.9822961010879113	0.9813944747227965	0.99000062496094	1.0	0.9899312070043778	0.9824741386680346	0.9808401761275735	0.9822738783195897	0.9837736222420105	0.9778301886792453	0.9903528300613911	0.9995989840930357	0.9939118099066083	0.9751928603842082	0.9751552795031055	0.9923386573172315	0.987697599047556	0.9766151745327302	0.9787482940144278	0.9995383194829178	0.9777777777777777	0.975627661136397	0.982712182900094	0.9908529341886434	0.9996893445169307	0.9770780856423174	0.9718875502008032	0.9702064268993403	0.976682564917859	0.9998893070622095	0.9874457736295518	0.9843665281041026	0.9826027630905679	0.9998891966759003	0.9930848261327714	0.9686759227903826	0.9824695121951219	0.9750833380416972	0.9725439725439725	0.9813849590469099	0.9935248108731889	0.9643099722136462	0.9816779806234759	0.997636506878371	0.9998892948079265	0.9965218916233121	0.9761587284655182	0.9751191106405506	0.978510342811198	0.9998891966759003	0.9748121494338026	0.9808234992303746	0.9802443462438264	0.990733004177744	0.9833492822966508	0.9751338090990187	0.9935248108731889	0.9830761250162106	0.9869668246445498	0.9712648451125322	0.9869181464747294	0.9957946061252476	0.97616	0.9745324079520057	0.994723774053383	0.9790746035872108	0.9878052832696461	0.9995136186770428	0.9663775945408019	0.9828201400819347	0.9785360484314805	0.9719997352220825	0.982791586998088	0.9855710012317438	0.9777859148053216	0.9762468226838461	0.9778294123342046	0.9810034096444228	0.9998641488928135	0.9834751632693449	0.9803067723904848	0.9816791880848821	0.9859615384615384	0.9998804113848362	0.9877677862999207
E4227_3	0.9900768245838668	0.9906127966356263	0.9888688714451165	0.9999543118218162	0.9899312070043778	1.0	0.9959448499594485	0.9886858866912505	0.9855778794509648	0.9964039265234717	0.9988297872340426	0.9939663385201651	0.9996890869520157	0.9913956212271375	0.9992186560884722	0.9994051160023796	0.9918187539332913	0.9947154256724621	0.9793611372784106	0.987278298820689	0.9995193463109829	0.9975864216754905	0.9842562929061784	0.9992094236698553	0.9985888329648619	0.9734680985470625	0.9993733681462141	0.9970710029289971	0.9988481158466348	0.999536822603057	0.9784960598370509	0.9828433734939759	0.9746320346320346	0.9959621596677434	0.9999078425951525	0.9888838984953964	0.9996685449121644	0.987683284457478	0.9854742498064751	0.9995013534691551	0.9993009437259699	0.9976546675668952	0.9852268270362139	0.9993248375390328	0.9929196577834596	0.978494623655914	0.9940579858621043	0.9973793988661889	0.9991787744788376	0.9961074347995329	0.9795465746673238	0.9729758828596038	0.9931956452129362	0.9862542955326461	0.9964837829645347	0.9875157100963553	0.9972372510648095	0.9976613160412459	0.9960633701392223	0.9955983911360704	0.9916654794130217	0.9992654003568056	0.9932436508415274	0.9971795314568583	0.9834451324389405	0.9946443708098944	0.986782999308915	0.9851598173515982	0.9766679090570257	0.9941427783902976	0.9994073321479976	0.9993617021276596	0.999134448932487	0.9993251792492619	0.9971628969973994	0.9856845525153561	0.991733690795353	0.9758779127010174	0.9995783792899907	1.0	0.9961119751166407	0.9711346537693843	0.9991563317303637	0.9924823334836866	1.0	0.9947168216398986
NZ_CP041269.1	0.9980922751819676	0.9968225948808473	0.9946741495819493	0.9959443800695249	0.9824741386680346	0.9959448499594485	1.0	0.9918865316425266	0.997218492230961	0.9992778556560894	0.9900115568763415	0.9777491864073261	0.9962073324905183	0.9877655433210989	0.9912260967379077	0.9937313999873362	0.9871078642028362	0.9906339234723015	0.9917213816728518	0.9910194008363612	0.9996280453784638	0.9951966648540874	0.9810450819672131	0.9902624195411784	0.9962488277586746	0.9998137802607077	0.9909803921568627	0.9825836861867859	0.9876124933827422	0.9996771589991928	0.9996629024102478	0.9902734248351885	0.9971381527363964	1.0	1.0	0.995820528580209	0.9829003181336161	0.990952087188978	0.9907435976550447	0.9993613284368513	0.9894727530077848	0.9929287827404575	0.9815947893022797	0.9892319420621307	0.9997224278312361	0.9996628455832771	0.9824922760041195	0.9940511101801425	0.9905584247901872	0.9956500067968643	1.0	0.9996280453784638	0.9974409506721181	0.9894041657594891	0.9900031568978217	0.9903691813804173	0.9942644673865749	0.9929282724779911	0.9987306422949987	0.9934518241347053	0.9995209963276385	0.9977043158861341	0.9858919776275148	0.9939967870127674	0.9924194567277321	0.9898929400314442	0.9894041657594891	0.9950575648331201	0.9986956006166252	0.9885138717087825	0.9902624195411784	0.9905886237926195	0.9965190570610266	0.990871818674093	0.9981514898111878	0.9899054638679698	0.9939208415969647	0.9893952421897392	0.9895685997171145	0.9997223507635354	0.9989805454082066	0.9884167237834133	0.99056681836988	0.9952652629102459	0.9996283909327388	0.9907481439177612
E7160_5	0.9929549114331723	0.9903914760024735	0.9870146243066061	0.9886858866912505	0.9808401761275735	0.9886858866912505	0.9918865316425266	1.0	0.9983121490820158	0.9983588213353226	0.9995349091704968	0.9841157066734332	0.9996158278908951	0.997522781562417	0.9962437179420756	0.9955716800939017	0.9970907680372382	0.9947928207400842	0.9990214700972774	0.9986109929982708	0.9998524094162793	0.9931241184767278	0.9888393653057586	0.9993696911486628	0.9887706360512863	0.999388379204893	0.9997758852532497	0.9943860733415739	0.9996468473096186	0.9979263320680444	0.9996009577015164	0.9941201175976481	0.9988192075570717	0.9910322837783978	0.9994676603673144	0.9979579334286298	0.9936518889080559	0.9986190180936813	0.9762001252624987	0.9951003423048527	0.9967785071723803	0.999468254812294	0.9736012068019748	0.9995317941064583	0.9992786727578745	0.9996010107727091	0.9802267002518892	0.9805792546026044	0.996255767963085	0.9937121701827584	0.9996007452754858	0.9969402378093652	0.991252469061152	0.9974636026987267	0.9979819334999039	0.9964816887893811	0.9822926854377928	0.9996807491752687	0.9997184332373921	0.9994927862939585	0.9955701724947983	0.9995452478399273	0.9771315098328102	0.9805803446146938	0.9749010292953286	0.9997276193934992	0.9980469740780196	0.9835708450576381	0.9991914920082094	0.9841623785020012	0.996790648964562	0.999873633663992	0.9791121087417384	0.9971199524940617	0.9985314685314686	0.9734451143966301	0.991975275172152	0.9974802846701288	0.9994029058581569	0.9796737921660694	0.9979855256285907	0.996968567523916	0.9995376540020126	0.9902556259558662	0.9791118208104959	0.9946820296920009
NZ_CP027505.1	0.9949447448859629	0.9923731101511879	0.9902758132956153	0.9855778794509648	0.9822738783195897	0.9855778794509648	0.997218492230961	0.9983121490820158	1.0	0.9987183279108744	0.9996280592129733	0.9817924695068058	0.9994815966822188	0.9907407407407407	0.9943183984747378	0.9937587767202372	0.9973163367997316	0.9966930435809613	0.9997190090385426	0.9978065550259417	1.0	0.9912737987307344	0.9909635151925901	0.9994761904761905	0.985582181565079	0.9993212055389628	0.9998876867208266	0.9915464218044017	0.9997539127866916	0.9973863490295214	0.9996009577015164	0.9958728388176241	0.9988344988344988	0.996995130038338	0.9994676603673144	0.9983757444504602	0.9921662268023962	0.9999348703920803	0.9820375516844032	0.9938011405901315	0.9974989578991247	0.9994264739619179	0.980911598200029	0.9996004953857217	0.9993749218652331	0.9996010107727091	0.9802793223845856	0.9863839285714285	0.9943183984747378	0.9918408975012749	0.9996007452754858	0.9976097348978705	0.9915139934809486	0.9979900218944043	0.998159509202454	0.9984324926849658	0.9874271265013697	0.9994264739619179	0.9998336175699846	0.9993064500148617	0.996641074856046	0.9996715208584255	0.9812067260138477	0.9863849415966074	0.9798103395533803	0.9996715208584255	0.9981335917590898	0.9840453686200378	0.9995492594977463	0.9855601396382101	0.9980753737355653	0.9999277769752998	0.9865663621708759	0.9978318477475308	0.998894329489812	0.9802664746128916	0.9909988748593574	0.9997478991596639	0.9996334646751581	0.9902676399026764	0.998285285607116	0.9983139618309657	0.9995081967213115	0.9959967974379503	0.9921562596124269	0.9966930435809613
NZ_CP027500.1	0.9988225219439092	0.9987308405740506	0.9989610766145595	0.996201730322853	0.9837736222420105	0.9964039265234717	0.9992778556560894	0.9983588213353226	0.9987183279108744	1.0	0.9980839048003227	0.9901406757244199	0.9993845342242933	0.9925742574257426	0.9986506865624256	0.9996218668971478	0.990888596656021	0.9916088262716254	0.9704280986441763	0.9986130374479889	0.9995204603580563	0.9986030372673607	0.9894313034725717	0.9848212681875337	0.9963910084553517	0.9742999616417338	0.9981865806971589	0.9976514415289925	0.997709049255441	0.9997040982393846	0.974031007751938	0.974336125467831	0.9915100060642814	0.9997371648852287	0.9998316781686585	0.9971711456859972	0.9996035416941985	0.9984153616703952	0.9935079145087169	0.9996192410204341	0.9975378442458508	0.9948805460750854	0.990463070891173	0.9923295454545454	0.976226031897736	0.9740276521514407	0.9887036040882194	0.9969430979518756	0.9986506865624256	0.9986031002162942	0.9714733989445158	0.9740641369617989	0.998823613289605	0.9991901522513768	0.9936866441401387	0.9762540021344717	0.9971574085040862	0.994880166209097	0.9988695090439277	0.9817610062893082	0.9997461606802894	0.9992384908272759	0.9866645372514573	0.9969430979518756	0.993362307388384	0.9912104643919994	0.999271137026239	0.9981455725544738	0.9776554061209362	0.9909988543996509	0.9934348960525208	0.9983862834089763	0.9996333470828177	0.9920962816597808	0.9976353677152863	0.9903839355158028	0.9998167356962211	0.9942075719574824	0.9917414721723519	0.9982355906570324	0.9987528222771745	0.9803015894579541	0.9923302717545687	0.9940446825005286	0.9903320722992854	0.9917124210090127
KX810025.1	0.993095845903922	0.9919591665501328	0.9931193986701359	0.9988297872340426	0.9778301886792453	0.9988297872340426	0.9900115568763415	0.9995349091704968	0.9996280592129733	0.9980839048003227	1.0	0.9882883447109664	0.9993235930735931	0.9976194836110602	0.9996658963721914	0.9997032464834709	0.9971687982036512	0.9949765572672472	0.9996767833478781	0.999650171733876	0.9996310507674144	0.9990968059775023	0.9947048167587905	0.9995896853202033	0.9989225193456753	0.9991436261316369	0.9997042931261593	0.9993225888396511	0.9997752881127412	0.9975037985673975	0.9996009577015164	0.9942893401015228	0.9986577181208054	0.9895033959601306	0.9994676603673144	0.9980462724935732	0.997471900515869	0.9996999789985299	0.983907143658181	0.9994354269583627	0.9980833436379374	0.9989988876529478	0.9688353199706998	0.9997210910916494	0.9984369363953348	0.9996010107727091	0.9776587497357108	0.97877645341766	0.9998297389330306	0.9990968801313629	0.9996007452754858	0.9977598742385537	0.9931197964847364	0.9987915739748977	0.9987494789495623	0.9984947919802517	0.978558225508318	0.9992208370436331	0.9978212809586364	0.9993147698249548	0.9993481766098322	0.9989200863930886	0.9822381878960236	0.9787777439951353	0.9806668534603531	0.9994177244672179	0.9992859300760759	0.9835618846694796	0.9988610478359908	0.9830894698968577	0.9983001027021284	0.9997299486902511	0.9785625774473358	0.998359945537814	0.9979900305515356	0.979214269919658	0.9981965734896303	0.9995801017635726	0.999522721849112	0.9883232134516581	0.9978822105687777	0.9981330477994673	0.9995272393559331	0.9931170108161259	0.9917730278333077	0.9948649252065194
E8040_4	0.9829708894258429	0.9832974748046653	0.9861975389510129	0.9940192653752514	0.9903528300613911	0.9939663385201651	0.9777491864073261	0.9841157066734332	0.9817924695068058	0.9901406757244199	0.9882883447109664	1.0	0.9995787345184936	0.9865935405240707	0.989095071695385	0.976359193646915	0.9916305573692645	0.9888478053435115	0.9897036236418454	0.9807906803817078	0.9995096236361407	0.9789177258543268	0.9768597120040244	0.9897094775143556	0.9941455870981994	0.9996295838992468	0.9886941775014132	0.984019820377826	0.9848178137651822	0.9874177029992685	0.9999063933352055	0.9886141256004269	0.9901897922544242	0.9761405771400935	0.9998126288176878	0.9950063173094278	0.9711382794618434	0.9820366198810143	0.9709262010896483	0.987375415282392	0.9898429261253261	0.9939635397802729	0.9731379731379731	0.990061369684462	0.9976448422044277	0.9999063845721775	0.9970686007857359	0.9824720171469398	0.9890063168124392	0.9781582952815829	0.9999063144088439	0.9850080013475954	0.9829708894258429	0.9806667492873962	0.9915518954990771	0.9803575495331359	0.9834073276828558	0.9939639041467978	0.9824838165696568	0.98745397518069	0.9874492432631967	0.9868350922076538	0.9983765397103541	0.9830360023970867	0.9767136434813356	0.9947374938088163	0.9814214096136833	0.985154529577037	0.9994610617084344	0.974707676664972	0.9900952380952381	0.9887253366739743	0.981503198294243	0.9894969910298627	0.9890363912555313	0.9795228831780485	0.970577038124762	0.9767710176140297	0.9902290739333406	0.9998570816064027	0.9891984081864695	0.9807299089162897	0.9893822393822393	0.9891655692565545	0.9998913279721799	0.9889107494187086
NZ_AP022343.1	0.9997835966241073	0.9989258861439313	0.9824962856120335	0.999688990255028	0.9995989840930357	0.9996890869520157	0.9962073324905183	0.9996158278908951	0.9994815966822188	0.9993845342242933	0.9993235930735931	0.9995787345184936	1.0	0.9993516597510373	0.9995343422584401	0.9985695052170986	0.9989627900946454	0.9998551564310545	0.978807827576878	0.9995733788395904	0.9993056519927788	0.9997412677878396	0.990192560698481	0.9994279830682988	1.0	0.9731522087923842	0.9997508409119222	0.9990942028985508	0.9988450433108759	0.9997294372294372	0.9696528283563972	0.9705477882191152	0.9733643378078427	0.9959859508278976	0.9998551564310545	0.9994785555990092	0.9995990912735534	0.9995941009335678	0.9994056816831095	0.9997177533163986	0.999502796768179	0.9998855966136597	0.9986979166666666	0.9996113486202876	0.9998197548666186	0.9696491441058638	0.9997606223818073	0.9990820328799133	0.9994306536096561	0.999741301254689	0.9697338033304972	0.9679837377715665	0.9997836434443964	0.9994824016563147	0.9984376743667002	0.9995246583481877	0.999165623696287	1.0	0.9990661686232657	0.9719208890064823	0.9997177533163986	1.0	0.9998121712997746	0.9991050653302309	0.9995245453464876	0.9974953036944271	0.9994143141618835	0.9998451772720235	0.9705676243868255	0.9990878409194563	0.9995028585632613	0.9995941009335678	0.9991469760300264	0.9994818652849741	0.9995460735360872	0.9990844586861982	0.9981175665269102	0.9829698857736241	0.9997409326424871	0.9776804053128851	0.9991214583790907	0.9721608484312859	0.9993524154902215	0.9997836434443964	0.9997424505827056	0.9998551564310545
NC_014726.1	0.9942757590841215	0.9942757590841215	0.98939830091975	0.991441055903419	0.9939118099066083	0.9913956212271375	0.9877655433210989	0.997522781562417	0.9907407407407407	0.9925742574257426	0.9976194836110602	0.9865935405240707	0.9993516597510373	1.0	0.9906008432888265	0.9990389235944258	0.982726825670027	0.9849114262522084	0.9986434310758635	0.9905527105774324	0.9990386926219659	0.9891796911125497	0.9928644240570846	0.9924918543703074	0.9920938426502814	0.9988989478835332	0.9978937728937729	0.9977277030865367	0.9923031379514505	0.9991590581451225	0.9995395948434622	0.9848915831196083	0.993505923650724	0.9918580629481103	0.999447106524143	0.9977070913411431	0.999039039039039	0.9909269879311821	0.9721603169549683	0.9990027424582398	0.9922774296954685	0.99615072067063	0.9770653218059558	0.9924306734578382	0.9894621731782484	0.9995395524449765	0.9943524300841705	0.9951431920951265	0.9906008432888265	0.9891806916959497	0.9995392129757626	0.9988819007686932	0.9882187719435125	0.9908572552103815	0.9949765572672472	0.9977108323413607	0.9953528123497677	0.9961508852963818	0.9945311099157254	0.9939557298047864	0.9991273996509599	0.99631034661955	0.99026674383122	0.9951429209468513	0.9830778663396689	0.994686136432367	0.9906606370428628	0.9883275469891057	0.9772682152074648	0.987532637075718	0.992478001703094	0.9978023990477063	0.9948833709556058	0.992361012873108	0.9872055583799356	0.9848642463330906	0.9944000658815778	0.99768177028451	0.992050397480126	0.9993717606408041	0.9923719204205752	0.9915300546448087	0.9980260838914347	0.9878916856241285	0.9992997198879552	0.9848672904334542
NZ_CP018825.1	0.9870299670519325	0.9860784556366786	0.9854693706878528	0.9991147644641164	0.9751928603842082	0.9992186560884722	0.9912260967379077	0.9962437179420756	0.9943183984747378	0.9986506865624256	0.9996658963721914	0.989095071695385	0.9995343422584401	0.9906008432888265	1.0	0.9996811393952277	0.9970845481049563	0.9947994915058361	0.9998086795701667	0.9960787656636263	0.9996784048882457	0.9965582399784046	0.9892430594004588	0.9979920271666912	0.9994001199760048	0.9993690055527511	0.9996893357433349	0.9983995305289551	0.9997893533146761	0.9975922953451043	0.9995840842922501	0.9940990055731614	0.999064131612649	0.9900408580183861	0.999445138021917	0.998382064024038	0.9977320245224849	0.9954618737684361	0.9820234641100037	0.9983536384590056	0.9982954891337432	0.9995960412037972	0.9729579035405631	0.9998523549387273	0.9991589571068125	0.9995841419462157	0.9808293011575917	0.979539641943734	1.0	0.995276334435522	0.9995838535164377	0.9977986556075318	0.9902263105629018	0.9948655381017741	0.9982069927283594	0.994363976171008	0.9795954788816181	0.9995957145744896	0.9996644909412554	0.999456620177504	0.9952804302491494	0.9995647632311978	0.9818019718900777	0.9795408588081361	0.9804581245526127	0.999670112161865	0.9951210650611164	0.9735926150121066	0.9993154904510918	0.9837981715079274	0.9984347826086957	0.9997768070656506	0.9782807200626141	0.9985680336359759	0.9985762084430839	0.9806464619313218	0.9940468402459767	0.9968956868549813	0.9996556236655417	0.9902817316187298	0.9984121943474119	0.9914098279490036	0.9996434546501741	0.9910217184130009	0.9924511545293073	0.9946839246504102
NZ_CP033209.1	0.995913119346099	0.993263136883078	0.9986468200270636	0.9994051160023796	0.9751552795031055	0.9994051160023796	0.9937313999873362	0.9955716800939017	0.9937587767202372	0.9996218668971478	0.9997032464834709	0.976359193646915	0.9985695052170986	0.9990389235944258	0.9996811393952277	1.0	0.99715251824168	0.9990990990990991	0.9995093572580079	0.9955247503138133	0.9999238095238095	0.9963708195516354	0.9870143807684052	0.9996584116140051	0.9996427720885925	0.9993885288002935	0.9999372922806797	0.99686469538894	0.9993689967047605	0.9997625971867766	0.9995497016773612	0.9981872467477074	0.999369853806083	0.9943827316334259	0.9994676603673144	0.9981543430614834	0.992352854112191	0.9941318858651801	0.9985672326097857	0.9993028524952071	0.9996426231461075	0.9994886405142815	0.9995659991319983	0.9996533314844346	0.9993390614672836	0.9995497523638001	0.9845709645402869	0.9995631825273011	0.9996811393952277	0.9959116174376407	0.9996007452754858	0.9998624578777251	0.995925654642007	0.9956608113759933	0.9992503748125937	0.9950178373723705	0.9997029291188878	0.9996345830592707	0.999825327510917	0.9993472584856397	0.9992235163616195	0.9981722177091795	0.9853710521216819	0.9995631825273011	0.999452183440288	0.9997669359850839	0.9956608113759933	0.9926811253609078	0.9998272884283247	0.9996316758747698	0.99955879108758	1.0	0.999665574209083	0.9995230998509687	0.9997716634318986	0.9953080066596035	0.9859028960817717	0.9994913659367768	0.999556803072832	0.9992542878448919	0.9993516444654014	0.9950334588038477	0.9995230998509687	0.9995329939756222	0.999528257382772	0.9990990990990991
AP022823.1	0.9938532987296818	0.9941404871161313	0.9930747922437673	0.9918610505118308	0.9923386573172315	0.9918187539332913	0.9871078642028362	0.9970907680372382	0.9973163367997316	0.990888596656021	0.9971687982036512	0.9916305573692645	0.9989627900946454	0.982726825670027	0.9970845481049563	0.99715251824168	1.0	0.9906855439642325	0.9973090457462224	0.997268588770865	0.9979540804728347	0.9954993404205789	0.9765886287625418	0.9979777553083923	0.9924926733309246	0.9987757100881489	0.997606410656676	0.9966619461865264	0.9912450109437363	0.9980681818181818	0.9986098618039088	0.9905342677710021	0.9913307984790874	0.9904306220095693	0.9991704304544198	0.9907634699396713	0.9981228882492804	0.9973645680819913	0.9856701239418716	0.9979992938684241	0.9979086789822238	0.9908301158301158	0.9734167318217357	0.9977945809703844	0.9888410863135252	0.998609748119071	0.9909075114380032	0.996896145012105	0.9970845481049563	0.9954996896337679	0.9992625368731564	0.9980345911949685	0.9924473300649265	0.9977746307910176	0.996497269057231	0.9974621766715471	0.9968332815895684	0.9908301158301158	0.9926042340759915	0.9939377426605817	0.997998822836963	0.9950486597234078	0.9896465961015675	0.9964151488869616	0.9832474666484697	0.98924829713797	0.9976734776451548	0.9900308257362104	0.9974760222110045	0.9884645697499462	0.9977881349237696	0.997456279809221	0.9971126082771896	0.9978129205921938	0.993781512605042	0.9853462276686845	0.9935967401586262	0.9962145110410094	0.9979823455233291	0.9989005811214072	0.9927379784102061	0.9978757839368805	0.9977288021534321	0.9938528789017144	0.9981200928895279	0.9906411509987428
NC_019213.1	0.9932646592709984	0.993264125525002	0.9940192239231043	0.9947682714157374	0.987697599047556	0.9947154256724621	0.9906339234723015	0.9947928207400842	0.9966930435809613	0.9916088262716254	0.9949765572672472	0.9888478053435115	0.9998551564310545	0.9849114262522084	0.9947994915058361	0.9990990990990991	0.9906855439642325	1.0	0.994754411063424	0.9947735191637631	0.9994675895115134	0.9972375690607734	0.9799295774647887	0.9961413663071121	0.9936283363435682	0.9998640935036694	0.995094213401717	0.9947735191637631	0.9930297397769516	0.999600692133635	0.9930717473852508	0.9998143980697399	0.992177191328935	0.9906860517946388	1.0	0.9933371958285052	0.9994675895115134	0.9949827182517561	0.9804527727575383	0.9995837957824639	0.996003996003996	0.9894766302826756	0.9711846318036286	0.9960605795325221	0.9785895730010886	0.9930712858094604	0.9887444324064042	0.986025882495899	0.9948060941828255	0.997237823404843	0.9999078341013825	0.9994408722393067	0.9932705248990579	0.9954703832752613	0.985965978128797	0.995094213401717	0.9859651254632724	0.9894766302826756	0.9916309450908348	0.9925758049390434	0.9995837957824639	0.9796805389546887	0.9888644077889597	0.9860849486540681	0.9814526588845655	0.9819531493087967	0.9953542392566783	0.9912005028284098	0.9917287014061208	0.9766830415830623	0.9961332278759117	0.9949827182517561	0.9890715159993005	0.995973036855467	0.9927371765773945	0.9842552865461232	0.9930298958683238	0.9913289349670122	0.9961504811898513	1.0	0.9914114238410596	0.9954703832752613	0.995885494178412	0.9932705248990579	0.9998710675605983	0.9997652912735295
NZ_CP016166.1	0.9940122905614791	0.9931417760435143	0.9940986298558013	0.9795271543601165	0.9766151745327302	0.9793611372784106	0.9917213816728518	0.9990214700972774	0.9997190090385426	0.9704280986441763	0.9996767833478781	0.9897036236418454	0.978807827576878	0.9986434310758635	0.9998086795701667	0.9995093572580079	0.9973090457462224	0.994754411063424	1.0	0.9995915032679739	0.9995643840390311	0.9995711467535809	0.9907568969582645	0.9976459349732183	0.9991999288825674	0.9995498030388295	0.999617310329432	0.999447441981408	0.9996108123407869	0.9972690833810509	0.9940531815478719	0.9947571470966465	0.9993179234558545	0.9910443111907172	0.9995872884853487	0.9984481317894234	0.9970603492996715	0.9996505085101178	0.9847535901815652	0.9998771498771499	0.9980209916245538	0.9996428146207882	0.9614763265813346	0.9992347426822269	0.9915919282511211	0.994052676295667	0.9766348050371719	0.9711640078506366	0.9998087222647284	0.9995711835334476	0.9940486311851726	0.9976143468246134	0.9940307885642475	0.9993385410104574	0.9980651731160897	0.9985409128049493	0.9812734082397003	0.9996428146207882	0.9994675375386035	0.9993709972552608	0.9999180999180999	0.9994570528830492	0.9828681956341531	0.9808156167610927	0.9843919652551575	0.9996597867997278	0.9993111438143846	0.9826439109054094	0.9991367527516006	0.9719964858335164	0.9982579042959339	0.9996762822818502	0.9687482653344435	0.9983019668883544	0.9711533736301539	0.9829195767927529	0.9852603030481694	0.9971541549337967	0.9995965671532311	0.9925918609245358	0.9704417840872974	0.9959252870144548	0.9995798455124268	0.9892014063284782	0.9750834260289211	0.9946281485018503
E7471_5	0.9911955977988994	0.9885903776978417	0.9844133714228437	0.987278298820689	0.9787482940144278	0.987278298820689	0.9910194008363612	0.9986109929982708	0.9978065550259417	0.9986130374479889	0.999650171733876	0.9807906803817078	0.9995733788395904	0.9905527105774324	0.9960787656636263	0.9955247503138133	0.997268588770865	0.9947735191637631	0.9995915032679739	1.0	0.9998424204223133	0.9923849315991644	0.9920119247821434	0.9995418698255834	0.9875510962467484	0.9993647567018168	0.9999017746054614	0.9936555542738493	0.9996396526251307	0.9998214763902527	0.9995809470596452	0.9940639771353194	0.9989295081089761	0.9905127462340672	0.9994409503843467	0.9983719037097337	0.994290197445844	0.99835244710063	0.9904210451068697	0.994506982321767	0.9981111286006611	0.9993366500829187	0.9741790254237288	0.9995988098024138	0.9993342210386151	0.9995810055865921	0.9786914355962301	0.9785445420326223	0.9960030122226727	0.9930592991913747	0.99958071278826	0.9975735650946309	0.9895248596631917	0.9976748142687007	0.9981972959439158	0.9971725959297809	0.979639359923573	0.9995574731718111	0.9997483734138538	0.9994548097891931	0.9952032803373178	0.9994911459393446	0.9860920432161404	0.9785458879618594	0.9898414271555996	0.9996680314263583	0.9974479668802813	0.9812071116656269	0.9993927432822226	0.9828762949421085	0.998228040357285	0.9998860485433205	0.97836318473003	0.9983927896130089	0.9985308899713911	0.9885087719298246	0.9901980944547262	0.998869480404327	0.9995036693019463	0.9995192307692308	0.9983215218202164	0.9965349004823418	0.9995865797424074	0.9901292596944771	0.999508116084604	0.9946505407605536
NC_013317.1	0.9996073812328229	0.9996034368803701	0.9996211044804395	0.9995192885470496	0.9995383194829178	0.9995193463109829	0.9996280453784638	0.9998524094162793	1.0	0.9995204603580563	0.9996310507674144	0.9995096236361407	0.9993056519927788	0.9990386926219659	0.9996784048882457	0.9999238095238095	0.9979540804728347	0.9994675895115134	0.9995643840390311	0.9998424204223133	1.0	0.9995896173181492	0.9999241907361079	0.9996162995932776	0.9995193463109829	0.999388229536278	0.9998489882210813	0.9996848408446265	0.9994564232650842	0.9997048406139315	0.9996009577015164	0.9983774338492262	0.9994778522321817	0.9994457786809533	0.9994676603673144	0.9991546914623838	0.9997734823316219	1.0	0.9990575736806031	0.9992456246228123	0.9996170929698269	0.9995193463109829	0.9994987468671679	0.9996980676328503	0.9994027176347619	0.9996010107727091	0.9994979919678715	0.9996039603960396	0.9996784048882457	0.9995896594173164	0.9996007452754858	0.9999192506459949	0.9996097180212704	0.9999212102111567	0.9992569659442725	0.9997734823316219	0.9996039603960396	0.9995193463109829	0.9998424204223133	0.9992795389048992	0.999372352110466	0.9996395097332372	0.9995089614534741	0.9996039603960396	0.9997029997029997	0.9996394664102872	0.9998424204223133	0.9995382484223487	0.9999071236184638	0.9995035372967606	0.9996062682100952	1.0	0.9995898838004101	0.9994636426327485	0.9994977398292315	0.9996936587358317	0.9994970324917011	0.9998524311960452	0.9996078431372549	0.9994026284348865	0.9992599171107164	0.9988969429561929	0.9995402651137844	0.9996022275258553	0.9995248503278533	0.9994676603673144
E7070_9	0.9947443365695793	0.9981122077233887	0.9923159804922309	0.9976565360673746	0.9777777777777777	0.9975864216754905	0.9951966648540874	0.9931241184767278	0.9912737987307344	0.9986030372673607	0.9990968059775023	0.9789177258543268	0.9997412677878396	0.9891796911125497	0.9965582399784046	0.9963708195516354	0.9954993404205789	0.9972375690607734	0.9995711467535809	0.9923849315991644	0.9995896173181492	1.0	0.981899172735629	0.9997094712376525	0.9978431231576677	0.9997555311086664	0.999671592775041	0.9851118343605013	0.9993265237400382	0.9996245541580627	0.9997923372443153	0.9966546350911172	0.998642087071023	0.9968973298232419	0.9998797498797499	0.9976983888722105	0.9898324860405033	0.9908632453277959	0.9975350140056023	0.9979671618451915	0.9998356614626129	0.9971904731498628	0.993660855784469	0.9994199115365093	0.9997622255686772	0.9997923156801661	0.9899575125531093	0.9970281594075806	0.9965651939655172	0.999196807959374	1.0	0.9997274461706187	0.9989118043320552	0.9912687218752099	0.9962513781697905	0.9908207665256005	0.997273526824978	0.9971904731498628	0.9995829568360325	0.9990741217015585	0.9815395840933966	0.9992660757635635	0.9859758820902188	0.9970281594075806	0.9977025664014345	0.99703627343599	0.9919144330553257	0.9919209099606676	0.999758997429306	0.9924720893141946	0.9997068523268596	0.9994259001066186	0.9983905039734433	0.9995376791493297	0.9986627765621201	0.9954726092861814	0.9950194446339633	0.9925108621083925	0.999835674965081	0.9997459349593496	0.9983605021547686	0.9918486913328664	0.9994605841103491	0.9929517902452777	0.9999357409073384	0.997237823404843
E7207_6	0.9837493196485498	0.9823543962839788	0.9821827887181707	0.9846612697060076	0.975627661136397	0.9842562929061784	0.9810450819672131	0.9888393653057586	0.9909635151925901	0.9894313034725717	0.9947048167587905	0.9768597120040244	0.990192560698481	0.9928644240570846	0.9892430594004588	0.9870143807684052	0.9765886287625418	0.9799295774647887	0.9907568969582645	0.9920119247821434	0.9999241907361079	0.981899172735629	1.0	0.994727060552362	0.985427897574124	0.9993646759847522	0.9948442347183991	0.9878811419693144	0.9941851796630387	0.9995758089928494	0.9835061262959472	0.9799322607959357	0.9876730407435487	0.9815801354401806	0.9994409503843467	0.9888153602386056	0.9947696979922389	0.9877892336199934	0.9821456620765485	0.9928409377363246	0.9943439402443763	0.9851298742740443	0.9785512117459756	0.9943488697739548	0.9926302414231258	0.9835080692661091	0.9866509890717942	0.987427895281763	0.989240506329114	0.982505079725867	0.99958071278826	1.0	0.9830429250305124	0.9895287958115183	0.9926635054129015	0.9890668700737351	0.9877525384695907	0.9851899138206193	0.9989542602527962	0.982498784637822	0.9928409377363246	0.9909657320872274	0.9799070207233472	0.987427895281763	0.9812953004442366	0.9843991748323878	0.9895670118851989	0.9821356884785227	0.9986684420772304	0.9843929896379685	0.993792383933229	0.9936235098419739	0.9892371003482114	0.9947177581807601	0.9895334326315366	0.9745803614522444	0.9854869553339708	0.986160743291534	0.994174952294868	0.9926323449154084	0.9893596365189702	0.9882294493063782	0.9948965887724953	0.9820614012608272	0.998472116119175	0.9799328147100425
NZ_CP011284.1	0.9936160763850339	0.9923745109740734	0.9942415592085835	0.9992094236698553	0.982712182900094	0.9992094236698553	0.9902624195411784	0.9993696911486628	0.9994761904761905	0.9848212681875337	0.9995896853202033	0.9897094775143556	0.9994279830682988	0.9924918543703074	0.9979920271666912	0.9996584116140051	0.9979777553083923	0.9961413663071121	0.9976459349732183	0.9995418698255834	0.9996162995932776	0.9997094712376525	0.994727060552362	1.0	0.9994056021992719	0.9995095033721643	0.999552	0.9990865633468319	0.999473721142376	0.9973271927299642	0.9997983261066855	0.995542472666106	0.9990895458440445	0.988800303720577	0.9996984318455971	0.9988588483146067	0.9972861842105263	0.9995617238860482	0.9871682386488265	0.9973458800820364	0.9962994435459555	0.9993865501111878	0.9731156985117618	0.9979792063259628	0.9993271279578334	0.9997983464408147	0.9792792257911298	0.9796900680911012	0.9997030526190759	0.9997094923378604	0.9997989545637314	0.9975051429071651	0.9936386768447837	0.999315473412365	0.9985306465155331	0.9982863479049763	0.9786853939505945	0.9995397008055236	0.9994944935909009	0.9992016605460642	0.9973056661438855	0.9995785628994872	0.9852769457277758	0.9796912601983917	0.9864245092643552	0.9998309240003381	0.9991504338855514	0.986750651607298	0.999285064344209	0.9837664200080307	0.9966792892513836	0.9995617398926263	0.977061376317421	0.9964672953069377	0.9957367439381828	0.9856578547553935	0.9988546703995927	0.999546526392164	0.9976007000310497	0.9937777777777778	0.9877357692633003	0.9951805795204379	0.9979825151311366	0.9908144218489046	0.9855753905004782	0.9960498595505618
